1.000000000000000000e+00 6.553834369107922608e-01
1.100000000000000000e+01 5.399097340616481944e+00
2.100000000000000000e+01 1.009973407113983512e+01
3.100000000000000000e+01 1.476457744832147156e+01
4.100000000000000000e+01 1.938658395486032404e+01
5.100000000000000000e+01 2.401769076539071079e+01
6.100000000000000000e+01 2.866728400147468037e+01
7.100000000000000000e+01 3.330664648048333021e+01
8.100000000000000000e+01 3.795235818612521683e+01
9.100000000000000000e+01 4.254614284893051490e+01
1.010000000000000000e+02 4.719762461804484843e+01
1.110000000000000000e+02 5.186306056214149862e+01
1.210000000000000000e+02 5.654125001804413841e+01
1.310000000000000000e+02 6.124563393481948026e+01
1.410000000000000000e+02 6.589577018343494785e+01
1.510000000000000000e+02 7.053433071698155743e+01
1.610000000000000000e+02 7.516950261470037731e+01
1.710000000000000000e+02 7.984551328440510076e+01
1.810000000000000000e+02 8.449347155207968285e+01
1.910000000000000000e+02 8.917560103236074553e+01
2.010000000000000000e+02 9.389371565258512931e+01
2.110000000000000000e+02 9.861990060153672744e+01
2.210000000000000000e+02 1.033518166824113109e+02
2.310000000000000000e+02 1.080717807144121565e+02
2.410000000000000000e+02 1.128490768328301641e+02
2.510000000000000000e+02 1.176438904171052968e+02
2.610000000000000000e+02 1.223937142571961800e+02
2.710000000000000000e+02 1.270602666190153229e+02
2.810000000000000000e+02 1.316724502027726373e+02
2.910000000000000000e+02 1.362887217041194674e+02
3.010000000000000000e+02 1.409472703694633537e+02
3.110000000000000000e+02 1.456137141841355458e+02
3.210000000000000000e+02 1.502679102200342243e+02
3.310000000000000000e+02 1.549728638388897366e+02
3.410000000000000000e+02 1.596586053200142317e+02
3.510000000000000000e+02 1.643574028879430671e+02
3.610000000000000000e+02 1.690307509164606472e+02
3.710000000000000000e+02 1.737832467473528482e+02
3.810000000000000000e+02 1.785252562406897425e+02
3.910000000000000000e+02 1.831396978716227295e+02
4.010000000000000000e+02 1.876684363831093947e+02
