1.000000000000000000e+00 6.561239044459665770e-01
1.100000000000000000e+01 5.396088182369696895e+00
2.100000000000000000e+01 1.003458718903826608e+01
3.100000000000000000e+01 1.466081917440663851e+01
4.100000000000000000e+01 1.924408785219130991e+01
5.100000000000000000e+01 2.383134732518254140e+01
6.100000000000000000e+01 2.842260806250261851e+01
7.100000000000000000e+01 3.298450917533200055e+01
8.100000000000000000e+01 3.756633242919163251e+01
9.100000000000000000e+01 4.217737921497766251e+01
1.010000000000000000e+02 4.681855864469593342e+01
1.110000000000000000e+02 5.142979055443587555e+01
1.210000000000000000e+02 5.603109406702525774e+01
1.310000000000000000e+02 6.065019667504717660e+01
1.410000000000000000e+02 6.524954873193398441e+01
1.510000000000000000e+02 6.989099238864446306e+01
1.610000000000000000e+02 7.458596540303777545e+01
1.710000000000000000e+02 7.931710319496394845e+01
1.810000000000000000e+02 8.402597629649892497e+01
1.910000000000000000e+02 8.868890634442486487e+01
2.010000000000000000e+02 9.331397418083517437e+01
2.110000000000000000e+02 9.792351741807171095e+01
2.210000000000000000e+02 1.025254836166125898e+02
2.310000000000000000e+02 1.071049075712345910e+02
2.410000000000000000e+02 1.117314915934850177e+02
2.510000000000000000e+02 1.163477107208482551e+02
2.610000000000000000e+02 1.209437303535125494e+02
2.710000000000000000e+02 1.255335962933761920e+02
2.810000000000000000e+02 1.300638101688750226e+02
2.910000000000000000e+02 1.345428216530967518e+02
3.010000000000000000e+02 1.390420440705966314e+02
3.110000000000000000e+02 1.435233746183536709e+02
3.210000000000000000e+02 1.479785072502210710e+02
3.310000000000000000e+02 1.524761917917585095e+02
3.410000000000000000e+02 1.569583844772328689e+02
3.510000000000000000e+02 1.613883189679283134e+02
3.610000000000000000e+02 1.657982175948638428e+02
3.710000000000000000e+02 1.702090496119510021e+02
3.810000000000000000e+02 1.746521829932622722e+02
3.910000000000000000e+02 1.790500096211282255e+02
4.010000000000000000e+02 1.833699921521881606e+02
