1.000000000000000000e+00 1.968429237819735667e+00
1.100000000000000000e+01 1.620303990691375873e+01
2.100000000000000000e+01 3.021725203238487012e+01
3.100000000000000000e+01 4.420147814464782954e+01
4.100000000000000000e+01 5.809309925710787326e+01
5.100000000000000000e+01 7.196621148803147605e+01
6.100000000000000000e+01 8.585649958285786454e+01
7.100000000000000000e+01 9.971691508807785453e+01
8.100000000000000000e+01 1.136265850671220363e+02
9.100000000000000000e+01 1.275005958337869032e+02
1.010000000000000000e+02 1.414011719387087851e+02
1.110000000000000000e+02 1.552668628421638175e+02
1.210000000000000000e+02 1.691766400318153956e+02
1.310000000000000000e+02 1.831765786980732571e+02
1.410000000000000000e+02 1.970475703247143713e+02
1.510000000000000000e+02 2.109948726661933733e+02
1.610000000000000000e+02 2.250257762355884381e+02
1.710000000000000000e+02 2.391241111751538426e+02
1.810000000000000000e+02 2.532007223611196309e+02
1.910000000000000000e+02 2.672939698847133059e+02
2.010000000000000000e+02 2.813304117224535617e+02
2.110000000000000000e+02 2.952893911486498268e+02
2.210000000000000000e+02 3.092380322859116859e+02
2.310000000000000000e+02 3.231406756142714585e+02
2.410000000000000000e+02 3.370861573482199560e+02
2.510000000000000000e+02 3.510067318033136985e+02
2.610000000000000000e+02 3.648257740459305296e+02
2.710000000000000000e+02 3.784821513336693783e+02
2.810000000000000000e+02 3.919723832812257456e+02
2.910000000000000000e+02 4.054225125800073783e+02
3.010000000000000000e+02 4.189614896154006942e+02
3.110000000000000000e+02 4.324986140130860690e+02
3.210000000000000000e+02 4.460054943995549479e+02
3.310000000000000000e+02 4.596194348439428836e+02
3.410000000000000000e+02 4.732012275050863082e+02
3.510000000000000000e+02 4.867175276220397677e+02
3.610000000000000000e+02 5.002215098782040741e+02
3.710000000000000000e+02 5.138446256608945077e+02
3.810000000000000000e+02 5.274371554511423028e+02
3.910000000000000000e+02 5.408560023180007192e+02
4.010000000000000000e+02 5.541608587092482594e+02
