1.000000000000000000e+00 6.569218964629768287e-01
1.100000000000000000e+01 5.407854383927582553e+00
2.100000000000000000e+01 1.008293077220677247e+01
3.100000000000000000e+01 1.477608152191971413e+01
4.100000000000000000e+01 1.946242745005622510e+01
5.100000000000000000e+01 2.411717339745822031e+01
6.100000000000000000e+01 2.876660751888058343e+01
7.100000000000000000e+01 3.342575943226252377e+01
8.100000000000000000e+01 3.810789445180517276e+01
9.100000000000000000e+01 4.277707376987872578e+01
1.010000000000000000e+02 4.738498867596801745e+01
1.110000000000000000e+02 5.197401172558642202e+01
1.210000000000000000e+02 5.660429594674599940e+01
1.310000000000000000e+02 6.128074808820658603e+01
1.410000000000000000e+02 6.590225140934543901e+01
1.510000000000000000e+02 7.056954956056736705e+01
1.610000000000000000e+02 7.527030821785028536e+01
1.710000000000000000e+02 7.996149469578477920e+01
1.810000000000000000e+02 8.468127451254102311e+01
1.910000000000000000e+02 8.942946250792773810e+01
2.010000000000000000e+02 9.412272188903327219e+01
2.110000000000000000e+02 9.874597312904143109e+01
2.210000000000000000e+02 1.033607319868877426e+02
2.310000000000000000e+02 1.079639873286246967e+02
2.410000000000000000e+02 1.125055889219047742e+02
2.510000000000000000e+02 1.170151306653602177e+02
2.610000000000000000e+02 1.214883294352217717e+02
2.710000000000000000e+02 1.258882884212778066e+02
2.810000000000000000e+02 1.302361229095780857e+02
2.910000000000000000e+02 1.345909692227911876e+02
3.010000000000000000e+02 1.389721751753406522e+02
3.110000000000000000e+02 1.433615252105968523e+02
3.210000000000000000e+02 1.477590769292996242e+02
3.310000000000000000e+02 1.521703792132946944e+02
3.410000000000000000e+02 1.565842377078392360e+02
3.510000000000000000e+02 1.609718057661683872e+02
3.610000000000000000e+02 1.653925413668795557e+02
3.710000000000000000e+02 1.698523293015905722e+02
3.810000000000000000e+02 1.742597162171902880e+02
3.910000000000000000e+02 1.786662948252498495e+02
4.010000000000000000e+02 1.831224301739507041e+02
